    unsorted:	 0.2253501486 0.1541350096 0.05858536677 0.9293325380 1.435598482 2.155523557 2.548649063 4.060914091 6.875169120 5.528247477 8.181013043 9.255295610 10.35083883 10.91659161 12.39199613 15.65905505 22.61532037 40.35447347 61.27110934 66.92830020 94.43571337 96.04240433 90.45411620 86.52894856 105.4165517 116.0096046 118.8074592 149.8224843 149.7003961 150.2021798 147.9935562 144.7803426 129.3148586 157.0709507 163.9344944 181.6580737 220.4408380 234.3051130 282.3904871 313.3105148 348.4758189 419.0718486 531.2289377 622.7899286 783.3386892 1112.724038 1611.311933 1901.052534 3003.325149 3679.805998 23387.04404 37809.89086
      sorted:	 0.05858536677 0.1541350096 0.2253501486 0.9293325380 1.435598482 2.155523557 2.548649063 4.060914091 5.528247477 6.875169120 8.181013043 9.255295610 10.35083883 10.91659161 12.39199613 15.65905505 22.61532037 40.35447347 61.27110934 66.92830020 86.52894856 90.45411620 94.43571337 96.04240433 105.4165517 116.0096046 118.8074592 129.3148586 144.7803426 147.9935562 149.7003961 149.8224843 150.2021798 157.0709507 163.9344944 181.6580737 220.4408380 234.3051130 282.3904871 313.3105148 348.4758189 419.0718486 531.2289377 622.7899286 783.3386892 1112.724038 1611.311933 1901.052534 3003.325149 3679.805998 23387.04404 37809.89086
